A 0 0 5
A 0 1 3
A 0 2 7
A 0 3 6
A 0 4 3
A 0 5 9
A 0 6 6
A 0 7 6
A 0 8 1
A 0 9 3
A 1 0 6
A 1 1 8
A 1 2 9
A 1 3 8
A 1 4 5
A 1 5 6
A 1 6 6
A 1 7 1
A 1 8 10
A 1 9 10
A 2 0 10
A 2 1 3
A 2 2 7
A 2 3 7
A 2 4 5
A 2 5 2
A 2 6 4
A 2 7 8
A 2 8 0
A 2 9 10
A 3 0 4
A 3 1 0
A 3 2 9
A 3 3 9
A 3 4 0
A 3 5 10
A 3 6 4
A 3 7 2
A 3 8 10
A 3 9 8
A 4 0 4
A 4 1 8
A 4 2 4
A 4 3 9
A 4 4 2
A 4 5 1
A 4 6 7
A 4 7 6
A 4 8 7
A 4 9 4
A 5 0 9
A 5 1 6
A 5 2 1
A 5 3 9
A 5 4 5
A 5 5 10
A 5 6 3
A 5 7 7
A 5 8 5
A 5 9 6
A 6 0 5
A 6 1 8
A 6 2 3
A 6 3 8
A 6 4 4
A 6 5 10
A 6 6 0
A 6 7 6
A 6 8 7
A 6 9 4
A 7 0 0
A 7 1 6
A 7 2 9
A 7 3 7
A 7 4 8
A 7 5 9
A 7 6 0
A 7 7 3
A 7 8 8
A 7 9 0
A 8 0 6
A 8 1 7
A 8 2 5
A 8 3 10
A 8 4 6
A 8 5 5
A 8 6 4
A 8 7 9
A 8 8 2
A 8 9 4
A 9 0 0
A 9 1 9
A 9 2 5
A 9 3 4
A 9 4 0
A 9 5 10
A 9 6 10
A 9 7 1
A 9 8 6
A 9 9 7
B 0 0 8
B 0 1 10
B 0 2 9
B 0 3 0
B 0 4 2
B 0 5 8
B 0 6 1
B 0 7 5
B 0 8 7
B 0 9 5
B 1 0 0
B 1 1 10
B 1 2 7
B 1 3 10
B 1 4 10
B 1 5 6
B 1 6 5
B 1 7 0
B 1 8 5
B 1 9 6
B 2 0 7
B 2 1 8
B 2 2 9
B 2 3 8
B 2 4 7
B 2 5 7
B 2 6 8
B 2 7 5
B 2 8 1
B 2 9 2
B 3 0 3
B 3 1 0
B 3 2 5
B 3 3 7
B 3 4 9
B 3 5 8
B 3 6 4
B 3 7 1
B 3 8 0
B 3 9 8
B 4 0 2
B 4 1 4
B 4 2 1
B 4 3 8
B 4 4 3
B 4 5 9
B 4 6 0
B 4 7 10
B 4 8 5
B 4 9 3
B 5 0 3
B 5 1 7
B 5 2 2
B 5 3 8
B 5 4 3
B 5 5 6
B 5 6 9
B 5 7 7
B 5 8 1
B 5 9 3
B 6 0 10
B 6 1 8
B 6 2 2
B 6 3 5
B 6 4 3
B 6 5 5
B 6 6 8
B 6 7 0
B 6 8 7
B 6 9 9
B 7 0 3
B 7 1 1
B 7 2 4
B 7 3 7
B 7 4 5
B 7 5 6
B 7 6 2
B 7 7 1
B 7 8 3
B 7 9 1
B 8 0 7
B 8 1 2
B 8 2 8
B 8 3 4
B 8 4 4
B 8 5 10
B 8 6 9
B 8 7 8
B 8 8 10
B 8 9 2
B 9 0 9
B 9 1 6
B 9 2 3
B 9 3 10
B 9 4 2
B 9 5 9
B 9 6 7
B 9 7 4
B 9 8 10
B 9 9 0
